101 7 0.02 298    nsteps ictrl eqincr temp
step     L11    L12    L13    L21    L22    L23    L31    L32    L33    tincr
1 -0.000281338059851 0.000408833225168 -0.00133074903212 -0.00197485611722 0.000396398005401 -0.00481302850955 -0.00107146173845 -0.00172338997285 -0.000159126218679 -2.5
2 -0.000282931069204 0.000407328045908 -0.00135335613487 -0.00196875170518 0.000395378108387 -0.00482490050467 -0.00105181406564 -0.00172186016433 -0.00015677011363 -2.5
3 -0.000284324373459 0.000406030608633 -0.00137521215533 -0.00196262304832 0.000394304664868 -0.00483677757769 -0.00103191088275 -0.00172008427659 -0.000154449002068 -2.5
4 -0.000285485874104 0.000404933298411 -0.0013962223387 -0.00195652725768 0.000393156258133 -0.00484869648393 -0.00101180789323 -0.0017181023097 -0.000152165982303 -2.5
5 -0.000286388615864 0.000404025059727 -0.00141629906251 -0.00195051882066 0.000391911198955 -0.00486068864031 -0.000991560137242 -0.0017159557297 -0.000149921311448 -2.5
6 -0.000287011146279 0.00040329171329 -0.00143536270739 -0.0019446491548 0.000390547675191 -0.00487277988658 -0.000971221675538 -0.00171368686321 -0.000147712447346 -2.5
7 -0.000287337740204 0.000402716319469 -0.00145334240716 -0.00193896623241 0.000389043916243 -0.00488499036169 -0.000950845293684 -0.00171133826444 -0.000145534167246 -2.5
8 -0.000287358479632 0.00040227958078 -0.0014701766628 -0.00193351427731 0.000387378371917 -0.00489733449248 -0.000930482227028 -0.00170895206666 -0.000143378756135 -2.5
9 -0.000287069187586 0.000401960275704 -0.00148581380874 -0.00192833353347 0.000385529904758 -0.00490982108745 -0.000910181905775 -0.00170656932762 -0.000141236254447 -2.5
10 -0.000286471218113 0.000401735715427 -0.00150021232451 -0.00192346010243 0.000383477995 -0.00492245352609 -0.000889991718916 -0.00170422938115 -0.000139094755347 -2.5
11 -0.000285571110525 0.000401582214599 -0.00151334098923 -0.00191892584368 0.000381202956249 -0.00493523003127 -0.000869956795413 -0.00170196920651 -0.00013694073771 -2.5
12 -0.000284380123881 0.000401475567328 -0.0015251788823 -0.00191475832975 0.000378686159953 -0.00494814400961 -0.000850119800688 -0.00169982282748 -0.000134759422092 -2.5
13 -0.000282913669802 0.000401391518744 -0.00153571523841 -0.00191098084745 0.000375910265976 -0.00496118444464 -0.000830520746394 -0.00169782075318 -0.000132535135551 -2.5
14 -0.00028119066869 0.000401306222609 -0.00154494916866 -0.00190761243382 0.000372859456822 -0.00497433632451 -0.000811196811772 -0.00169598947151 -0.000130251672101 -2.5
15 -0.000279232857149 0.000401196675629 -0.00155288926502 -0.0019046679365 0.000369519670747 -0.00498758108816 -0.000792182175823 -0.00169435100697 -0.000127892635558 -2.5
16 -0.000277064075977 0.000401041118534 -0.00155955310728 -0.00190215808822 0.000365878831914 -0.00500089707335 -0.000773507859547 -0.00169292255189 -0.000125441753596 -2.5
17 -0.000274709570111 0.000400819395539 -0.00156496669411 -0.00190008958625 0.000361927071097 -0.00501425995179 -0.000755201579088 -0.00169171618052 -0.000122883152987 -2.5
18 -0.000272195329765 0.000400513262537 -0.00156916382025 -0.00189846516996 0.000357656933592 -0.00502764313916 -0.000737287611333 -0.0016907386534 -0.000120201588346 -2.5
19 -0.000269547501109 0.000400106637139 -0.00157218542213 -0.00189728369074 0.000353063568395 -0.00504101817075 -0.000719786675126 -0.00168999131791 -0.000117382618984 -2.5
20 -0.000266791889357 0.000399585783128 -0.00157407891254 -0.00189654017444 0.000348144893519 -0.00505435503572 -0.000702715831013 -0.00168947010942 -0.000114412730907 -2.5
21 -0.000263953574064 0.000398939423968 -0.00157489752152 -0.00189622587529 0.000342901731551 -0.00506762246846 -0.000686088405136 -0.00168916565536 -0.000111279403459 -2.5
22 -0.00026105664882 0.000398158781593 -0.0015746996587 -0.00189632832712 0.000337337909535 -0.00508078819712 -0.000669913940673 -0.00168906348237 -0.000107971122662 -2.5
23 -0.000258124091158 0.000397237538226 -0.00157354830687 -0.00189683139846 0.000331460317487 -0.00509381915391 -0.000654198184344 -0.00168914432481 -0.000104477345014 -2.5
24 -0.000255177761952 0.00039617172133 -0.00157151045292 -0.00189771536104 0.000325278919804 -0.00510668165523 -0.000638943110555 -0.00168938453028 -0.000100788417819 -2.5
25 -0.000252238525602 0.000394959514035 -0.00156865655692 -0.00189895698294 0.000318806714798 -0.00511934156055 -0.000624146989254 -0.00168975655564 -9.68954630261e-05 -2.5
26 -0.000249326475685 0.000393600995578 -0.00156506005642 -0.00190052965904 0.000312059637078 -0.00513176442288 -0.0006098044997 -0.00169022954451 -9.27902331517e-05 -2.5
27 -0.000246461245726 0.000392097819077 -0.00156079689881 -0.00190240359069 0.000305056400068 -0.00514391564212 -0.000595906892485 -0.00169076997507 -8.84649468658e-05 -2.5
28 -0.000243662378126 0.000390452836232 -0.00155594509081 -0.00190454602593 0.000297818275879 -0.00515576063579 -0.000582442199371 -0.00169134236469 -8.39121142383e-05 -2.5
29 -0.00024094972274 0.000388669680584 -0.00155058425353 -0.00190692157069 0.000290368811688 -0.00516726503673 -0.000569395488735 -0.00169191001555 -7.91243580371e-05 -2.5
30 -0.000238343833279 0.000386752323708 -0.00154479516864 -0.00190949257608 0.000282733483643 -0.0051783949289 -0.000556749162613 -0.0016924357843 -7.40942398437e-05 -2.5
31 -0.00023586633053 0.000384704619425 -0.00153865930278 -0.00191221960663 0.00027493929064 -0.00518911712862 -0.000544483288245 -0.00169288285617 -6.88140958731e-05 -2.5
32 -0.000233540202312 0.00038252985402 -0.00153225829829 -0.0019150619872 0.000267014293586 -0.00519939951418 -0.000532575955895 -0.00169321550385 -6.3275888101e-05 -2.5
33 -0.000231390014027 0.000380230319075 -0.00152567342089 -0.00191797842342 0.00025898710645 -0.00520921140502 -0.000521003652505 -0.00169339981011 -5.74710738082e-05 -2.5
34 -0.000229442008125 0.000377806926112 -0.00151898495908 -0.00192092768535 0.000250886348892 -0.005218523986 -0.000509741639067 -0.00169340433284 -5.13904958621e-05 -2.5
35 -0.000227724076814 0.000375258879879 -0.00151227157406 -0.00192386933913 0.000242740071712 -0.00522731076974 -0.000498764320249 -0.00169320069207 -4.50242948863e-05 -2.5
36 -0.000226265599917 0.000372583427279 -0.00150560960444 -0.00192676450818 0.000234575168699 -0.00523554808553 -0.000488045592721 -0.00169276405911 -3.83618436386e-05 -2.5
37 -0.000225097146961 0.000369775696404 -0.00149907233538 -0.00192957664173 0.000226416789961 -0.00524321557989 -0.000477559160762 -0.00169207352977 -3.1391703204e-05 -2.5
38 -0.000224250050283 0.000366828638063 -0.00149272924652 -0.00193227226556 0.000218287773158 -0.00525029671381 -0.000467278808532 -0.00169111236617 -2.41016007818e-05 -2.5
39 -0.00022375586368 0.000363733078862 -0.00148664525828 -0.00193482169011 0.00021020811009 -0.00525677923665 -0.000457178620139 -0.00168986809437 -1.64784286358e-05 -2.5
40 -0.000223645727964 0.000360477891433 -0.00148087999983 -0.00193719964994 0.000202194465924 -0.00526265561977 -0.000447233141493 -0.00168833244947 -8.50826501348e-06 -2.5
41 -0.000223949669923 0.000357050283243 -0.00147548712444 -0.00193938585117 0.000194259768374 -0.00526792343229 -0.000437417481051 -0.00168650116335 -1.76417141221e-07 -2.5
42 -0.000224695865714 0.000353436200716 -0.00147051369945 -0.00194136540503 0.000186412882747 -0.00527258564283 -0.000427707349584 -0.00168437359618 8.53251078813e-06 -2.5
43 -0.000225909902397 0.000349620841404 -0.00146599969801 -0.00194312913179 0.00017865838676 -0.00527665083541 -0.000418079042965 -0.00168195221729 1.76345225575e-05 -2.5
44 -0.000227614071493 0.000345589261725 -0.001461977617 -0.00194467372273 0.00017099645672 -0.00528013333036 -0.000408509375211 -0.00167924194716 2.71461039671e-05 -2.5
45 -0.000229826727654 0.000341327063683 -0.00145847224283 -0.00194600175487 0.000163422873136 -0.00528305320619 -0.00039897557219 -0.00167624937788 3.7084062205e-05 -2.5
46 -0.000232561742182 0.000336821139787 -0.00145550058067 -0.0019471215595 0.000155929149978 -0.00528543622272 -0.000389455138835 -0.00167298189503 4.74653262955e-05 -2.5
47 -0.000235828076629 0.000332060451786 -0.00145307195695 -0.00194804695186 0.000148502787199 -0.00528731365095 -0.00037992571495 -0.00166944672932 5.83067058981e-05 -2.5
48 -0.000239629495023 0.000327036815892 -0.00145118829649 -0.00194879683624 0.00014112764163 -0.00528872201987 -0.000370364935304 -0.00166564997077 6.96246049641e-05 -2.5
49 -0.000243964427054 0.000321745665211 -0.00144984456847 -0.00194939470599 0.000133784406299 -0.00528970279382 -0.000360750310123 -0.00166159558289 8.14346917235e-05 -2.5
50 -0.000248825985929 0.000316186758603 -0.00144902938589 -0.00194986806291 0.000126451183231 -0.0052903019971 -0.000351059140969 -0.00165728445624 9.37515249803e-05 -2.5
51 -0.000254202136236 0.000310364805623 -0.00144872573627 -0.00195024778372 0.000119104130353 -0.00529056980525 -0.00034126848518 -0.00165271354333 0.00010658814371 -2.5
52 -0.000260076001581 0.000304289977449 -0.0014489118129 -0.00195056746358 0.000111718158854 -0.00529056012155 -0.000331355179129 -0.00164787511662 0.000119955627571 -2.5
53 -0.0002664262921 0.00029797827651 -0.00144956191124 -0.00195086276567 0.000104267654131 -0.00529033015741 -0.000321295926875 -0.00164275619029 0.000133862641253 -2.5
54 -0.000273227828324 0.000291451740046 -0.00145064734871 -0.00195117080636 9.67271907258e-05 -0.0052899400333 -0.000311067457045 -0.00163733814325 0.000148314978828 -2.5
55 -0.000280452132803 0.000284738457734 -0.00145213736679 -0.00195152959963 8.90722104529e-05 -0.0052894524113 -0.000300646745762 -0.00163159657676 0.000163315127772 -2.5
56 -0.000288068058648 0.000277872387921 -0.00145399996989 -0.00195197758236 8.12796327941e-05 -0.00528893216813 -0.000290011299064 -0.00162550143289 0.000178861875576 -2.5
57 -0.000296042423673 0.000270892963769 -0.00145620266188 -0.00195255323372 7.33283676699e-05 -0.00528844611048 -0.000279139484583 -0.00161901739318 0.000194949983746 -2.5
58 -0.000304340620075 0.000263844486932 -0.00145871304241 -0.00195329479759 6.51997035006e-05 -0.00528806272845 -0.000268010897721 -0.00161210456629 0.000211569955129 -2.5
59 -0.000312927172522 0.000256775313436 -0.00146149923248 -0.00195424010674 5.68775469986e-05 -0.00528785197768 -0.00025660674539 -0.00160471946453 0.000228707920119 -2.5
60 -0.000321766223315 0.000249736844431 -0.00146453010755 -0.00195542650518 4.83484970032e-05 -0.00528788507469 -0.000244910227742 -0.00159681625628 0.000246345665897 -2.5
61 -0.000330821927444 0.00024278234146 -0.00146777532527 -0.00195689085048 3.96017400303e-05 -0.00528823428471 -0.000232906898957 -0.00158834827048 0.000264460828524 -2.5
62 -0.000340058749112 0.000235965593657 -0.0014712051452 -0.00195866958174 3.06287634246e-05 -0.00528897267968 -0.000220584986669 -0.00157926971718 0.00028302726389 -2.5
63 -0.000349441657877 0.000229339471081 -0.00147479005067 -0.00196079882544 2.14228890331e-05 -0.00529017383906 -0.00020793565404 -0.00156953757657 0.000302015606449 -2.5
64 -0.000358936229351 0.000222954404413 -0.0014785001913 -0.00196331451549 1.19786392097e-05 -0.00529191146936 -0.000194953188902 -0.00155911359836 0.000321394016079 -2.5
65 -0.000368508663223 0.000216856837225 -0.00148230467748 -0.00196625249684 2.29095510017e-06 -0.00529425891961 -0.000181635110596 -0.00154796634392 0.000341129106352 -2.5
66 -0.000378125736579 0.000211087700266 -0.00148617076309 -0.00196964858639 -7.64570554532e-06 -0.00529728857093 -0.000167982188319 -0.00153607319646 0.000361187036225 -2.5
67 -0.000387754715343 0.000205680960741 -0.00149006296654 -0.00197353857033 -1.78383551093e-05 -0.00530107108906 -0.000153998371521 -0.00152342225894 0.000381534738459 -2.5
68 -0.000397363249167 0.000200662300526 -0.00149394217699 -0.00197795811068 -2.82965066893e-05 -0.00530567453419 -0.00013969063703 -0.00151001405749 0.000402141248049 -2.5
69 -0.000406919277057 0.000196047976246 -0.00149776480203 -0.00198294255495 -3.90332020104e-05 -0.0053111633313 -0.000125068763509 -0.00149586296775 0.000422979085748 -2.5
70 -0.000416390968958 0.000191843912575 -0.00150148200966 -0.00198852663779 -5.00659872449e-05 -0.00531759711514 -0.000110145049526 -0.00148099828633 0.000444025644376 -2.5
71 -0.00042574672712 0.000188045074922 -0.00150503911597 -0.00199474407801 -6.14177860022e-05 -0.00532502947425 -9.49339910139e-05 -0.00146546487595 0.000465264519543 -2.5
72 -0.000434955264654 0.000184635161875 -0.00150837516456 -0.0020016270799 -7.3117619381e-05 -0.00533350662907 -7.94519434611e-05 -0.00144932332337 0.000486686723975 -2.5
73 -0.000443985775785 0.000181586649451 -0.00151142273645 -0.00200920575724 -8.52011258902e-05 -0.00534306608876 -6.37167875092e-05 -0.00143264956347 0.000508291723967 -2.5
74 -0.00045280820136 0.000178861208873 -0.00151410802014 -0.00201750750363 -9.77108391552e-05 -0.00535373533241 -4.77476207833e-05 -0.00141553393872 0.00053008823824 -2.5
75 -0.000461393588424 0.00017641050862 -0.00151635116035 -0.0020265563403 -0.000110696188434 -0.00536553058917 -3.15644950443e-05 -0.00139807968289 0.000552094745341 -2.5
76 -0.000469714533253 0.000174177397995 -0.00151806689299 -0.00203637227341 -0.000124213195775 -0.00537845574976 -1.51882131618e-05 -0.00138040083919 0.000574339653939 -2.5
77 -0.000477745690066 0.000172097455842 -0.00151916546044 -0.00204697069946 -0.000138323854596 -0.0053925014973 1.35980356607e-06 -0.00136261964526 0.000596861101143 -2.5
78 -0.000485464320724 0.000170100873571 -0.00151955379157 -0.00205836188912 -0.000153095186519 -0.00540764469393 1.80575750134e-05 -0.00134486344045 0.000619706357248 -2.5
79 -0.000492850855613 0.000168114627001 -0.00151913691727 -0.00207055058391 -0.000168597985767 -0.00542384808477 3.48825517873e-05 -0.0013272611742 0.000642930830908 -2.5
80 -0.000499889431869 0.000166064877618 -0.00151781958428 -0.00208353572968 -0.000184905274183 -0.00544106035009 5.18115453142e-05 -0.00130993961486 0.000666596684875 -2.5
81 -0.000506568373978 0.000163879530771 -0.00151550802064 -0.00209731036599 -0.000202090502956 -0.00545921653919 6.88206161385e-05 -0.00129301937874 0.000690771089502 -2.5
82 -0.00051288058139 0.000161490866918 -0.0015121117997 -0.00211186167896 -0.000220225550318 -0.00547823889065 8.58849431642e-05 -0.00127661091412 0.000715524157788 -2.5
83 -0.00051882379162 0.000158838153497 -0.00150754574667 -0.00212717121839 -0.00023937857535 -0.0054980380392 0.000102978701784 -0.00126081058808 0.000740926622022 -2.5
84 -0.000524400690617 0.000155870138273 -0.00150173182594 -0.00214321526693 -0.000259611798882 -0.00551851458334 0.000120074980897 -0.00124569703044 0.000767047325233 -2.5
85 -0.00052961884963 0.000152547323108 -0.00149460095052 -0.00215996534066 -0.000280979289849 -0.00553956097458 0.000137145769607 -0.00123132789061 0.000793950612763 -2.5
86 -0.000534490475134 0.000148843917796 -0.00148609465491 -0.00217738879126 -0.000303524841589 -0.00556106367251 0.000154162042605 -0.00121773715899 0.000821693718084 -2.5
87 -0.000539031967304 0.000144749379562 -0.00147616657518 -0.00219544947387 -0.000327280023399 -0.00558290549513 0.000171093968874 -0.00120493319271 0.000850324241175 -2.5
88 -0.000543263292264 0.000140269453659 -0.0014647836862 -0.00221410843897 -0.000352262494813 -0.00560496808323 0.000187911262302 -0.00119289756801 0.000879877820291 -2.5
89 -0.000547207182017 0.000135426644543 -0.00145192725072 -0.0022333246057 -0.000378474662507 -0.00562713438848 0.000204583684207 -0.00118158485722 0.00091037609444 -2.5
90 -0.000550888186645 0.00013026006602 -0.00143759344311 -0.00225305537396 -0.000405902754833 -0.00564929109141 0.000221081697781 -0.00117092339776 0.000941825048327 -2.5
91 -0.000554331610055 0.000124824640505 -0.00142179361764 -0.0022732571373 -0.000434516376099 -0.00567133085548 0.000237377263933 -0.00116081708565 0.000974213820493 -2.5
92 -0.000557562368759 0.000119189642995 -0.00140455420062 -0.00229388566452 -0.000464268588855 -0.00569315432543 0.000253444755783 -0.00115114818524 0.00100751404232 -2.5
93 -0.000560603819082 0.00011343661265 -0.00138591619629 -0.00231489632683 -0.000495096554186 -0.00571467178952 0.000269261958417 -0.00114178110558 0.00104167975774 -2.5
94 -0.000563476601654 0.000107656683371 -0.0013659343036 -0.00233624415743 -0.000526922740916 -0.00573580443369 0.00028481110959 -0.00113256704896 0.00107664795478 -2.5
95 -0.000566197554519 0.000101947413204 -0.001344675656 -0.00235788374498 -0.000559656690471 -0.00575648513353 0.000300079928176 -0.00112334939464 0.00111233971735 -2.5
96 -0.00056877874688 9.6409219427e-05 -0.00132221820437 -0.00237976897091 -0.000593197303092 -0.00577665874731 0.000315062570609 -0.00111396963959 0.00114866198308 -2.5
97 -0.000571226681698 9.11415504214e-05 -0.00129864877623 -0.00240185261735 -0.000627435584968 -0.00579628189473 0.000329760450687 -0.00110427368239 0.0011855098686 -2.5
98 -0.000573541713868 8.6238945896e-05 -0.00127406085509 -0.00242408588115 -0.000662257774444 -0.00581532222488 0.000344182858172 -0.00109411820614 0.00122276950038 -2.5
99 -0.000575717721737 8.17871510977e-05 -0.00124855213571 -0.00244641784147 -0.000697548743463 -0.00583375720573 0.000358347313321 -0.00108337689558 0.00126032126513 -2.5
100 -0.000577742062758 7.7859461333e-05 -0.00122222192047 -0.00246879493472 -0.000733195550984 -0.00585157248294 0.000372279601274 -0.00107194621176 0.00129804337501 -2.5
101 -0.000579595833629 7.4513470408e-05 -0.00119516843166 -0.00249116049709 -0.000769091012721 -0.00586875988105 0.000386013440395 -0.00105975044842 0.00133581562236 -2.5
